[linear calibration]
gain = 1 0.505952 0.549569 1 0.579545 0.522541 1 1 0.6375 0.607143 1 1 0.923913 0.574324 1 1 1.02823 0.643939 1 1 1 1 1 1 
offset = -0.0246399 -1.3464 -0.947894 -2.66111 -0.999598 -0.8369 0 0 -1.33518 -1.09208 0 -3.05535 -1.86674 -0.551901 0 -2.90751 -2.22952 -0.936131 0 -2.39007 -2.98143 -1.82336 -1.70016 0 
